       0
       3
      40
      37
      52
      43
      43
      51
      44
      22
      54
      50
      48
      30
      34
      23
      49
      34
      48
      53
      52
      48
      37
      47
      45
      27
      50
      44
      46
      48
      54
      49
      44
      44
       3
      37
      48
      48
      45
      48
      45
      27
      22
      44
       1
      50
      23
      52
      47
      48
      33
      50
       3
      49
      48
      47
      44
      38
      44
      45
      52
      45
      47
      49
      52
      51
      31
      46
      45
      47
      45
      48
      40
      18
       4
      53
      26
      13
      48
      46
       7
      11
      40
      17
      40
      19
      11
       5
      45
      33
      25
      14
      34
       9
       3
      50
      52
      46
      49
      47
      44
      48
      43
      37
      24
       8
      51
      37
      45
      50
      43
      51
      48
      53
      39
      19
      46
      14
      53
      46
      51
      15
      44
      52
      51
      36
      37
      40
      32
      26
      23
      41
      51
      42
      18
      44
      49
      41
      44
      44
      47
      39
      47
      43
      45
      46
      46
      41
      40
      48
      43
      46
      45
      48
      47
      43
      33
      48
      13
      44
      19
      34
      23
      43
      45
      18
      35
      22
      46
      46
      14
      15
      19
      11
      28
      28
       1
      50
      49
      49
      48
      51
      54
      11
      25
      28
      39
      24
      46
      40
      11
      11
      46
      52
      45
      45
      46
      27
      35
      52
      43
      48
      49
      50
      42
      24
       1
      16
      28
      34
      52
      44
      37
      20
      16
      57
      47
       5
      40
      40
      53
      33
      32
      41
      27
      36
      39
       5
      50
      48
      47
      42
      48
      35
       7
      42
      47
      36
      48
      41
      45
       4
      39
      22
      34
      43
      50
      46
       9
      40
       4
      50
      35
      44
      46
      37
      55
      48
      44
      49
       1
      30
      16
      35
      47
      26
      52
      41
      45
      50
      42
      49
      20
      28
      25
      34
      49
      20
       5
      11
      10
      40
      44
       1
      21
      53
      24
      50
      46
       8
      36
      15
      38
      30
      28
      23
      51
      20
      33
      47
      45
      43
      44
      16
      37
      43
      39
      49
      54
      49
      21
      36
      46
      46
      36
      15
      44
      52
      48
      24
      31
      35
      29
      41
      48
      48
      51
      49
      51
      40
      38
      51
      14
      31
      50
      42
      48
      42
      39
      47
      49
      44
      44
      39
      46
      22
       0
      47
      47
      49
       3
      49
      42
      14
      48
      39
      21
      45
      50
      27
      12
       3
      28
       1
      47
      40
      29
      46
      50
       7
      36
      48
      47
      41
      15
      16
      41
      28
      34
      37
      47
      17
      22
      30
      40
      38
       4
      47
      23
      47
      50
      42
      47
      27
      45
      47
      48
      47
      49
      36
      45
      22
      43
      38
      11
      30
      46
      46
      35
      49
      28
      45
      45
       3
      46
      50
      51
      46
      19
      38
      20
      14
      47
      43
      44
      44
      41
      20
      43
      43
      15
      36
      47
      11
      14
       9
      40
      47
      31
      49
      41
      20
      28
      45
      35
      31
      34
      34
      30
      15
      13
      24
      44
      46
      22
      38
      38
      35
      46
      26
      21
      41
      20
      39
      45
      48
      50
       6
      19
      19
      24
      27
       2
      21
      56
      50
      47
      49
      27
      11
      31
      23
      53
      19
      36
      49
      17
      40
      37
      40
      49
      47
      29
      31
      41
      53
      47
      40
      13
      23
      35
      36
      13
      22
      10
      21
      49
      40
      30
      35
      25
      34
      33
      46
      42
      20
      37
       6
      49
      21
      49
      22
      28
      29
      25
      11
      29
      31
      29
      11
       5
       4
      16
       0
      41
      28
      37
      38
      10
      16
      28
      29
      24
      24
      46
      16
      26
       8
      15
       4
      43
      12
      37
      11
      15
      15
      47
      45
      49
      18
      48
      44
      44
      26
      24
      30
       8
      37
      49
      52
      45
      43
      34
      43
      31
      39
      36
      43
      37
      23
      23
       2
      13
      49
      50
      12
      52
      50
      44
      22
      51
      47
      52
      26
       2
      48
      44
      31
      41
      47
      30
      21
       8
      12
       3
       3
      11
      13
      21
      51
       7
      25
      47
      38
      48
      22
      38
      52
      41
      46
      37
      35
      42
      47
      32
      30
      33
      48
      25
      29
      33
      18
      52
      52
      48
      51
      15
      12
      31
       3
      12
      22
      19
      38
       6
      47
       2
       0
      33
      44
      51
      34
      44
      25
      36
      35
      10
       0
      18
       4
      15
      18
      25
      38
      10
      12
       3
      41
      46
      46
      19
      46
      27
      38
      13
      51
      21
      32
      14
      46
      48
      45
      47
      18
      47
      50
      14
      15
       9
      13
      12
       1
      38
      20
      11
      13
       0
      46
      13
      25
      39
      35
      10
       8
      15
      36
       5
      16
      31
      27
      46
      45
      50
      45
      48
      26
      42
      43
       0
       0
       0
       0
      22
      17
      44
      14
       9
      19
      49
      54
      45
       9
      22
      18
      46
      18
      47
      27
      29
       4
      49
      43
      49
      31
      30
      11
      40
      36
      21
      46
      47
       4
      27
      24
       6
      45
      39
      45
      30
       7
       2
      14
      14
      22
      47
      19
      48
       4
      30
       5
       0
      50
      47
      19
      46
      50
       8
      15
      27
       0
      15
      12
      44
       4
       4
       7
      17
      33
       5
       0
       0
       0
      40
       9
       6
      24
      11
      19
      30
       6
      47
      30
       9
       0
       9
      38
       8
       4
      26
      36
      30
      13
      18
      19
      44
       0
       0
      27
      46
      24
      52
      23
      23
      36
      29
      42
       9
       7
      55
      38
      45
      48
      48
      16
       0
      45
       8
       6
      38
      41
       5
       7
       4
      27
      18
      26
      42
      37
      32
      16
      42
      30
       9
      43
      15
       0
      34
      53
      46
      11
      33
      31
       5
       7
      14
      11
      12
      37
      13
      22
      12
       5
       7
       0
      14
       4
      40
      41
      48
      49
      49
      54
      38
       8
       0
      18
      47
      26
      41
       0
      12
      33
      40
      49
       9
      38
      38
      17
       9
      26
      16
      15
      17
       4
       3
       0
      33
      25
      19
      41
       2
      41
       0
      23
      24
      10
      24
       6
      23
      10
      16
      32
      37
      13
       0
       0
      15
       4
      11
       6
      11
       0
       6
      36
      40
      41
      47
      44
      19
      12
      52
      47
       4
      10
       3
       0
      14
       0
      29
      27
      31
      36
       7
      40
      23
      46
      40
      44
       0
      13
      32
      14
      11
      32
      49
      22
      44
      25
       0
      16
      34
      20
      35
      36
      10
      46
      44
      23
      46
      38
      43
      26
       0
       3
      17
      34
      47
      31
      30
      44
      45
      25
      14
      27
      17
      40
      29
      46
      17
      30
      44
      50
      38
      35
      42
      22
       3
      28
      43
      46
      26
      17
      45
      51
       8
       8
      13
       3
      45
      43
       4
      22
       3
      53
      50
      55
      22
      19
      48
      17
